1. [-5,20,3,2,22]
[-5, 20, 3] [2, 22]
[-5] [20, 3] [2] [22]
[-5] [20] [3] [2] [22]
[-5, 20] [2, 3] [22]
[-5, 20] [2, 3, 22]
[-5, 2, 3, 20, 22]

2. [4,-4,3,-3,1,0]
[4, -4, 3] [-3, 1, 0]
[4] [-4, 3] [-3, 1] [0]
[4] [-4] [3] [-3] [1] [0]
[-4, 4] [-3, 3] [0, 1]
[-4, -3, 3, 4] [0, 1]
[-4, -3, 0, 1, 3, 4]

3. [-3,1,0,0,5,2]
[-3, 1] [0, 0] [5, 2]
[-3] [1] [0] [0] [5] [2]
[-3, 1] [0, 0] [2, 5]
[-3, 0, 0, 1] [2, 5]
[-3, 0, 0, 1, 2, 5]

4.[1,0,1,0,1,0,1,0]
[1, 0, 1, 0] [1, 0, 1, 0]
[1, 0] [1, 0] [1, 0] [1, 0]
[1] [0] [1] [0] [1] [0] [1] [0]
[0, 1][0, 1][0, 1][0, 1]
[0, 0 , 1, 1] [0, 0 , 1, 1]
[0, 0, 0, 0, 1, 1, 1, 1]

5. [1,-5,77,28,15,91,-8,23,52,44,140,14,23,41]
[1, -5, 77 ,28, 15, 91, -8] [23, 52, 44, 140, 14, 23, 41]
[1, -5, 77, 28] [15, 91, -8] [23, 52, 44, 140] [14, 23, 41]
[1, -5] [77, 28] [15, 91] [-8] [23, 52] [44, 140] [14, 23] [41]
[1] [-5] [77] [28] [15] [91] [-8] [23] [52] [44] [140] [14] [23] [41]
[-5, 1] [28, 77] [15, 91] [-8, 23] [44, 52] [14, 140] [23, 41]
[-5, 1, 28, 77] [-8, 15, 23, 91] [14, 44, 52, 140] [23, 41]
[-8, -5, 1, 15, 23, 28, 77, 91] [14, 23, 41, 44, 52, 140]
[-8, -5, 1, 14, 15, 23, 23, 28, 44, 52, 77, 91, 140]

6. [1,2,3,4,5,6,7,8,9,0]
[1, 2, 3, 4, 5] [6, 7, 8, 9, 0]
[1 ,2] [3, 4, 5] [6. 7] [8, 9, 0]
[1] [2] [3] [4] [5] [6] [7] [8] [9] [0]
[1, 2] [3, 4] [5, 6] [7, 8] [9, 0]
[1, 2, 3, 4] [5, 6, 7, 8] [9, 0]
[1, 2, 3, 4, 5, 6, 7, 8, 9, 0]
